KmerSize,Alpha,Threshold,NBits,DefaultNBits,EncodedChars,NonEncodedChars,BitsPerChar,DefaultBitsPerChar,Duration(s) 
4,1,0.3,4.77977e+07,4.53364e+07,22668089,136,2.10858,2,16
4,1,0.5,4.81457e+07,4.53364e+07,22667999,226,2.12393,2,17
4,1,0.8,4.73321e+07,4.53364e+07,22667968,257,2.08804,2,18
4,0.1,0.3,5.23255e+07,4.53364e+07,22667999,226,2.30832,2,17
4,0.1,0.5,5.23255e+07,4.53364e+07,22667999,226,2.30832,2,17
4,0.1,0.8,4.76603e+07,4.53364e+07,22667968,257,2.10251,2,18
4,10,0.3,4.5241e+07,4.53364e+07,22668209,16,1.99579,2,15
4,10,0.5,4.6886e+07,4.53364e+07,22667999,226,2.06836,2,17
4,10,0.8,4.74199e+07,4.53364e+07,22667968,257,2.09191,2,18
4,0.01,0.3,5.84726e+07,4.53364e+07,22667999,226,2.5795,2,17
4,0.01,0.5,5.84726e+07,4.53364e+07,22667999,226,2.5795,2,17
4,0.01,0.8,4.82028e+07,4.53364e+07,22667968,257,2.12645,2,18
4,100,0.3,4.5241e+07,4.53364e+07,22668209,16,1.99579,2,15
4,100,0.5,4.68404e+07,4.53364e+07,22667999,226,2.06634,2,17
4,100,0.8,4.74199e+07,4.53364e+07,22667968,257,2.09191,2,18
6,1,0.3,4.55666e+07,4.53364e+07,22665699,2526,2.01016,2,17
6,1,0.5,4.56242e+07,4.53364e+07,22664925,3300,2.01269,2,18
6,1,0.8,4.67939e+07,4.53364e+07,22664129,4096,2.0643,2,19
6,0.1,0.3,4.87922e+07,4.53364e+07,22665699,2526,2.15245,2,17
6,0.1,0.5,4.83013e+07,4.53364e+07,22664925,3300,2.13079,2,18
6,0.1,0.8,4.64421e+07,4.53364e+07,22664213,4012,2.04877,2,19
6,10,0.3,4.52902e+07,4.53364e+07,22668092,133,1.99796,2,16
6,10,0.5,4.48688e+07,4.53364e+07,22664925,3300,1.97937,2,18
6,10,0.8,4.71925e+07,4.53364e+07,22664129,4096,2.08188,2,19
6,0.01,0.3,5.35552e+07,4.53364e+07,22665699,2526,2.36257,2,17
6,0.01,0.5,5.22528e+07,4.53364e+07,22664925,3300,2.30511,2,18
6,0.01,0.8,4.70015e+07,4.53364e+07,22664213,4012,2.07345,2,19
6,100,0.3,4.52902e+07,4.53364e+07,22668092,133,1.99796,2,16
6,100,0.5,4.50261e+07,4.53364e+07,22664925,3300,1.98631,2,18
6,100,0.8,4.71925e+07,4.53364e+07,22664129,4096,2.08188,2,19
8,1,0.3,4.1247e+07,4.53364e+07,22621310,46915,1.81959,2,18
8,1,0.5,4.14574e+07,4.53364e+07,22612891,55334,1.82888,2,19
8,1,0.8,4.50927e+07,4.53364e+07,22602781,65444,1.98925,2,20
8,0.1,0.3,4.36111e+07,4.53364e+07,22621310,46915,1.92389,2,18
8,0.1,0.5,4.31808e+07,4.53364e+07,22612891,55334,1.90491,2,19
8,0.1,0.8,4.46714e+07,4.53364e+07,22603391,64834,1.97066,2,20
8,10,0.3,4.52944e+07,4.53364e+07,22667966,259,1.99814,2,17
8,10,0.5,4.10631e+07,4.53364e+07,22612891,55334,1.81148,2,19
8,10,0.8,4.62324e+07,4.53364e+07,22602781,65444,2.03953,2,20
8,0.01,0.3,4.71043e+07,4.53364e+07,22621310,46915,2.07799,2,20
8,0.01,0.5,4.57333e+07,4.53364e+07,22612891,55334,2.01751,2,19
8,0.01,0.8,4.49591e+07,4.53364e+07,22603391,64834,1.98335,2,20
8,100,0.3,4.52944e+07,4.53364e+07,22667966,259,1.99815,2,17
8,100,0.5,4.15804e+07,4.53364e+07,22612891,55334,1.8343,2,19
8,100,0.8,4.62324e+07,4.53364e+07,22602781,65444,2.03953,2,21
10,1,0.3,3.83454e+07,4.53364e+07,22150869,517356,1.69159,2,23
10,1,0.5,3.81654e+07,4.53364e+07,21921293,746932,1.68365,2,24
10,1,0.8,4.16953e+07,4.53364e+07,21758943,909282,1.83937,2,25
10,0.1,0.3,4.0081e+07,4.53364e+07,22150869,517356,1.76816,2,23
10,0.1,0.5,3.93178e+07,4.53364e+07,21921293,746932,1.73449,2,24
10,0.1,0.8,4.18581e+07,4.53364e+07,21758943,909282,1.84655,2,26
10,10,0.3,4.5293e+07,4.53364e+07,22667606,619,1.99808,2,22
10,10,0.5,3.7999e+07,4.53364e+07,21921293,746932,1.67631,2,24
10,10,0.8,4.49695e+07,4.53364e+07,21751582,916643,1.98381,2,26
10,0.01,0.3,4.2657e+07,4.53364e+07,22150869,517356,1.8818,2,23
10,0.01,0.5,4.1029e+07,4.53364e+07,21921293,746932,1.80998,2,24
10,0.01,0.8,4.21663e+07,4.53364e+07,21758943,909282,1.86015,2,25
10,100,0.3,4.5293e+07,4.53364e+07,22667606,619,1.99808,2,21
10,100,0.5,3.88358e+07,4.53364e+07,21921293,746932,1.71323,2,24
10,100,0.8,4.49695e+07,4.53364e+07,21751582,916643,1.98381,2,26
12,1,0.3,3.85785e+07,4.53364e+07,18536152,4132073,1.70187,2,29
12,1,0.5,3.89085e+07,4.53364e+07,17422305,5245920,1.71643,2,29
12,1,0.8,4.33984e+07,4.53364e+07,15933088,6735137,1.9145,2,31
12,0.1,0.3,3.96657e+07,4.53364e+07,18536152,4132073,1.74984,2,28
12,0.1,0.5,3.95792e+07,4.53364e+07,17422305,5245920,1.74602,2,29
12,0.1,0.8,4.26435e+07,4.53364e+07,16091226,6576999,1.8812,2,30
12,10,0.3,4.5293e+07,4.53364e+07,22667604,621,1.99808,2,26
12,10,0.5,3.89054e+07,4.53364e+07,17422305,5245920,1.71629,2,29
12,10,0.8,4.66098e+07,4.53364e+07,15862501,6805724,2.05617,2,31
12,0.01,0.3,4.12692e+07,4.53364e+07,18536152,4132073,1.82058,2,28
12,0.01,0.5,4.05763e+07,4.53364e+07,17422305,5245920,1.79001,2,29
12,0.01,0.8,4.30528e+07,4.53364e+07,16091226,6576999,1.89926,2,30
12,100,0.3,4.5293e+07,4.53364e+07,22667604,621,1.99808,2,26
12,100,0.5,3.98934e+07,4.53364e+07,17422305,5245920,1.75988,2,29
12,100,0.8,4.66098e+07,4.53364e+07,15862501,6805724,2.05617,2,31
14,1,0.3,4.14898e+07,4.53364e+07,13615862,9052363,1.83031,2,33
14,1,0.5,4.20978e+07,4.53364e+07,11643550,11024675,1.85713,2,33
14,1,0.8,4.65202e+07,4.53364e+07,8788955,13879270,2.05222,2,35
14,0.1,0.3,4.19974e+07,4.53364e+07,12787619,9880606,1.8527,2,34
14,0.1,0.5,4.24308e+07,4.53364e+07,11643550,11024675,1.87182,2,34
14,0.1,0.8,4.67274e+07,4.53364e+07,8788955,13879270,2.06136,2,35
14,10,0.3,4.25037e+07,4.53364e+07,20558451,2109774,1.87503,2,32
14,10,0.5,4.21844e+07,4.53364e+07,11643550,11024675,1.86095,2,34
14,10,0.8,5.05777e+07,4.53364e+07,8272298,14395927,2.23122,2,36
14,0.01,0.3,4.26242e+07,4.53364e+07,12787619,9880606,1.88035,2,34
14,0.01,0.5,4.29273e+07,4.53364e+07,11643550,11024675,1.89372,2,34
14,0.01,0.8,4.71075e+07,4.53364e+07,8788955,13879270,2.07813,2,35
14,100,0.3,4.5293e+07,4.53364e+07,22667602,623,1.99808,2,31
14,100,0.5,4.31631e+07,4.53364e+07,11643550,11024675,1.90412,2,34
14,100,0.8,5.05777e+07,4.53364e+07,8272298,14395927,2.23122,2,37
16,1,0.3,4.33049e+07,4.53364e+07,10956688,11711537,1.91038,2,42
16,1,0.5,4.3767e+07,4.53364e+07,9685686,12982539,1.93077,2,41
16,1,0.8,4.8502e+07,4.53364e+07,6457489,16210736,2.13965,2,42
16,0.1,0.3,4.35466e+07,4.53364e+07,10956688,11711537,1.92104,2,42
16,0.1,0.5,4.39921e+07,4.53364e+07,9685686,12982539,1.94069,2,41
16,0.1,0.8,4.76442e+07,4.53364e+07,6965438,15702787,2.10181,2,42
16,10,0.3,4.45447e+07,4.53364e+07,18682709,3985516,1.96507,2,39
16,10,0.5,4.38679e+07,4.53364e+07,9685686,12982539,1.93522,2,41
16,10,0.8,5.23318e+07,4.53364e+07,5929403,16738822,2.3086,2,43
16,0.01,0.3,4.38941e+07,4.53364e+07,10956688,11711537,1.93637,2,41
16,0.01,0.5,4.43294e+07,4.53364e+07,9685686,12982539,1.95558,2,41
16,0.01,0.8,4.79968e+07,4.53364e+07,6965438,15702787,2.11736,2,42
16,100,0.3,4.5293e+07,4.53364e+07,22667569,656,1.99809,2,38
16,100,0.5,4.47823e+07,4.53364e+07,9685686,12982539,1.97555,2,40
16,100,0.8,5.23318e+07,4.53364e+07,5929403,16738822,2.3086,2,42
