KmerSize,Alpha,Threshold,NBits,DefaultNBits,EncodedChars,NonEncodedChars,BitsPerChar,DefaultBitsPerChar,Duration(s) 
4,1,0.3,2.01178e+06,2.41259e+06,325036,19620,5.83707,7,0
4,1,0.5,1.83344e+06,2.41259e+06,318185,26471,5.31963,7,0
4,1,0.8,1.70414e+06,2.41259e+06,312634,32022,4.94446,7,0
4,0.1,0.3,1.91263e+06,2.41259e+06,318185,26471,5.54939,7,0
4,0.1,0.5,1.91263e+06,2.41259e+06,318185,26471,5.54939,7,0
4,0.1,0.8,1.72048e+06,2.41259e+06,312634,32022,4.99186,7,0
4,10,0.3,2.3106e+06,2.41259e+06,344596,60,6.70408,7,0
4,10,0.5,1.80969e+06,2.41259e+06,318185,26471,5.25072,7,0
4,10,0.8,1.70709e+06,2.41259e+06,312634,32022,4.95303,7,0
4,0.01,0.3,2.02868e+06,2.41259e+06,318185,26471,5.88611,7,0
4,0.01,0.5,2.02868e+06,2.41259e+06,318185,26471,5.88611,7,0
4,0.01,0.8,1.74697e+06,2.41259e+06,312634,32022,5.06873,7,0
4,100,0.3,2.31078e+06,2.41259e+06,344596,60,6.70461,7,0
4,100,0.5,1.8073e+06,2.41259e+06,318185,26471,5.24378,7,0
4,100,0.8,1.70709e+06,2.41259e+06,312634,32022,4.95303,7,0
6,1,0.3,2.05698e+06,2.41259e+06,247668,96988,5.96821,7,0
6,1,0.5,1.98652e+06,2.41259e+06,230099,114557,5.76377,7,0
6,1,0.8,1.90429e+06,2.41259e+06,209580,135076,5.52518,7,1
6,0.1,0.3,2.11035e+06,2.41259e+06,247668,96988,6.12306,7,0
6,0.1,0.5,2.03542e+06,2.41259e+06,230099,114557,5.90566,7,0
6,0.1,0.8,1.92723e+06,2.41259e+06,211264,133392,5.59176,7,1
6,10,0.3,2.31058e+06,2.41259e+06,344399,257,6.70403,7,0
6,10,0.5,1.97191e+06,2.41259e+06,230099,114557,5.72139,7,0
6,10,0.8,1.90578e+06,2.41259e+06,209580,135076,5.5295,7,1
6,0.01,0.3,2.1904e+06,2.41259e+06,247668,96988,6.35531,7,0
6,0.01,0.5,2.10722e+06,2.41259e+06,230099,114557,6.11397,7,0
6,0.01,0.8,1.95315e+06,2.41259e+06,211264,133392,5.66695,7,1
6,100,0.3,2.31077e+06,2.41259e+06,344399,257,6.70456,7,0
6,100,0.5,1.97052e+06,2.41259e+06,230099,114557,5.71736,7,0
6,100,0.8,1.90578e+06,2.41259e+06,209580,135076,5.5295,7,1
8,1,0.3,2.23637e+06,2.41259e+06,138269,206387,6.48869,7,1
8,1,0.5,2.21964e+06,2.41259e+06,122716,221940,6.44016,7,1
8,1,0.8,2.19545e+06,2.41259e+06,103296,241360,6.36997,7,1
8,0.1,0.3,2.26255e+06,2.41259e+06,138269,206387,6.56466,7,1
8,0.1,0.5,2.24316e+06,2.41259e+06,122716,221940,6.50839,7,1
8,0.1,0.8,2.19942e+06,2.41259e+06,103902,240754,6.3815,7,1
8,10,0.3,2.31271e+06,2.41259e+06,344381,275,6.71021,7,0
8,10,0.5,2.21275e+06,2.41259e+06,122716,221940,6.42018,7,1
8,10,0.8,2.19652e+06,2.41259e+06,103296,241360,6.37309,7,1
8,0.01,0.3,2.30185e+06,2.41259e+06,138269,206387,6.6787,7,1
8,0.01,0.5,2.27775e+06,2.41259e+06,122716,221940,6.60875,7,1
8,0.01,0.8,2.20568e+06,2.41259e+06,103902,240754,6.39965,7,1
8,100,0.3,2.3129e+06,2.41259e+06,344381,275,6.71075,7,0
8,100,0.5,2.21227e+06,2.41259e+06,122716,221940,6.41877,7,1
8,100,0.8,2.19652e+06,2.41259e+06,103296,241360,6.37309,7,1
10,1,0.3,2.37695e+06,2.41259e+06,72613,272043,6.89659,7,1
10,1,0.5,2.37239e+06,2.41259e+06,54679,289977,6.88337,7,1
10,1,0.8,2.36645e+06,2.41259e+06,44275,300381,6.86612,7,1
10,0.1,0.3,2.3886e+06,2.41259e+06,72613,272043,6.93038,7,1
10,0.1,0.5,2.38179e+06,2.41259e+06,54679,289977,6.91062,7,1
10,0.1,0.8,2.36744e+06,2.41259e+06,44275,300381,6.86898,7,1
10,10,0.3,2.31272e+06,2.41259e+06,344379,277,6.71023,7,0
10,10,0.5,2.36971e+06,2.41259e+06,54679,289977,6.87559,7,1
10,10,0.8,2.3672e+06,2.41259e+06,44032,300624,6.86828,7,1
10,0.01,0.3,2.40665e+06,2.41259e+06,72613,272043,6.98277,7,1
10,0.01,0.5,2.39561e+06,2.41259e+06,54679,289977,6.95073,7,1
10,0.01,0.8,2.36906e+06,2.41259e+06,44275,300381,6.87368,7,1
10,100,0.3,2.31291e+06,2.41259e+06,344379,277,6.71078,7,0
10,100,0.5,2.36965e+06,2.41259e+06,54679,289977,6.87541,7,1
10,100,0.8,2.3672e+06,2.41259e+06,44032,300624,6.86829,7,1
12,1,0.3,2.44463e+06,2.41259e+06,29647,315009,7.09296,7,2
12,1,0.5,2.44439e+06,2.41259e+06,22994,321662,7.09226,7,2
12,1,0.8,2.44194e+06,2.41259e+06,18065,326591,7.08514,7,2
12,0.1,0.3,2.44893e+06,2.41259e+06,29647,315009,7.10542,7,2
12,0.1,0.5,2.44779e+06,2.41259e+06,22994,321662,7.10213,7,2
12,0.1,0.8,2.44301e+06,2.41259e+06,18341,326315,7.08827,7,2
12,10,0.3,2.31272e+06,2.41259e+06,344377,279,6.71024,7,0
12,10,0.5,2.44346e+06,2.41259e+06,22994,321662,7.08956,7,2
12,10,0.8,2.44276e+06,2.41259e+06,17933,326723,7.08752,7,2
12,0.01,0.3,2.45547e+06,2.41259e+06,29647,315009,7.1244,7,2
12,0.01,0.5,2.45278e+06,2.41259e+06,22994,321662,7.11662,7,2
12,0.01,0.8,2.44432e+06,2.41259e+06,18341,326315,7.09207,7,2
12,100,0.3,2.31291e+06,2.41259e+06,344377,279,6.71079,7,0
12,100,0.5,2.44355e+06,2.41259e+06,22994,321662,7.08983,7,2
12,100,0.8,2.44276e+06,2.41259e+06,17933,326723,7.08752,7,2
14,1,0.3,2.47384e+06,2.41259e+06,15463,329193,7.17769,7,2
14,1,0.5,2.47388e+06,2.41259e+06,11005,333651,7.17783,7,2
14,1,0.8,2.47192e+06,2.41259e+06,8514,336142,7.17214,7,2
14,0.1,0.3,2.47569e+06,2.41259e+06,13537,331119,7.18306,7,2
14,0.1,0.5,2.47534e+06,2.41259e+06,11005,333651,7.18205,7,2
14,0.1,0.8,2.47231e+06,2.41259e+06,8514,336142,7.17326,7,2
14,10,0.3,2.47263e+06,2.41259e+06,35245,309411,7.17418,7,2
14,10,0.5,2.47352e+06,2.41259e+06,11005,333651,7.17679,7,2
14,10,0.8,2.47277e+06,2.41259e+06,8250,336406,7.17461,7,2
14,0.01,0.3,2.47831e+06,2.41259e+06,13537,331119,7.19067,7,2
14,0.01,0.5,2.47747e+06,2.41259e+06,11005,333651,7.18824,7,2
14,0.01,0.8,2.47295e+06,2.41259e+06,8514,336142,7.17512,7,2
14,100,0.3,2.31292e+06,2.41259e+06,344375,281,6.71081,7,0
14,100,0.5,2.47363e+06,2.41259e+06,11005,333651,7.1771,7,2
14,100,0.8,2.47277e+06,2.41259e+06,8250,336406,7.17461,7,2
16,1,0.3,2.48706e+06,2.41259e+06,8320,336336,7.21606,7,2
16,1,0.5,2.48624e+06,2.41259e+06,6410,338246,7.21369,7,2
16,1,0.8,2.48518e+06,2.41259e+06,4863,339793,7.21061,7,2
16,0.1,0.3,2.48794e+06,2.41259e+06,8320,336336,7.21862,7,2
16,0.1,0.5,2.48697e+06,2.41259e+06,6410,338246,7.21581,7,2
16,0.1,0.8,2.4856e+06,2.41259e+06,5002,339654,7.21184,7,2
16,10,0.3,2.48731e+06,2.41259e+06,20661,323995,7.21678,7,2
16,10,0.5,2.48609e+06,2.41259e+06,6410,338246,7.21326,7,2
16,10,0.8,2.48587e+06,2.41259e+06,4682,339974,7.21262,7,2
16,0.01,0.3,2.48927e+06,2.41259e+06,8320,336336,7.22248,7,2
16,0.01,0.5,2.48805e+06,2.41259e+06,6410,338246,7.21893,7,2
16,0.01,0.8,2.48613e+06,2.41259e+06,5002,339654,7.21338,7,2
16,100,0.3,2.31293e+06,2.41259e+06,344373,283,6.71083,7,0
16,100,0.5,2.48621e+06,2.41259e+06,6410,338246,7.2136,7,2
16,100,0.8,2.48587e+06,2.41259e+06,4682,339974,7.21262,7,2
